CAL35216.1	NZ_CP012196.1_941	47.817	9.72e-138	1	452	458
CAL35216.1	NZ_CP012196.1_941	59.615	4.65e-63	480	635	156
CAL35216.1	NZ_CP012196.1_2002	20.899	9.65e-14	197	564	378
CAL35216.1	NC_002163.1_1049	100.000	0.0	1	573	573
CAL35216.1	Campyloabacter_freddy_787	52.021	0.0	1	569	569
CAL35216.1	Campylobacter_noahi_650	55.458	0.0	1	567	568
WP_012108828.1	Campylobacter_stinkeris_632	62.752	0.0	1	545	545
WP_012108828.1	NC_009714.1_893	100.000	0.0	1	543	543
WP_012108828.1	NZ_CP012196.1_1258	60.405	0.0	1	543	543
WP_012108828.1	NC_002163.1_1177	54.613	0.0	1	541	542
WP_012108828.1	Campyloabacter_freddy_951	55.720	0.0	1	542	542
WP_012108828.1	Campylobacter_noahi_451	62.569	0.0	1	545	545
WP_005872928.1	Campylobacter_stinkeris_1465	67.763	1.17e-73	1	152	152
WP_039619574.1	Campylobacter_stinkeris_1015	80.507	0.0	1	1380	1380
WP_039619574.1	NC_009714.1_1519	78.898	0.0	1	1379	1379
WP_039619574.1	NZ_CP012196.1_1578	80.102	0.0	1	1377	1377
WP_039619574.1	NC_002163.1_457	89.833	0.0	1	1375	1377
WP_039619574.1	Campyloabacter_freddy_1071	79.578	0.0	1	1376	1376
WP_039619574.1	Campylobacter_noahi_62	80.580	0.0	1	1380	1380
WP_044780241.1	Campylobacter_stinkeris_306	76.289	0.0	3	870	873
WP_044780241.1	NC_009714.1_1143	76.682	0.0	1	853	862
WP_044780241.1	NZ_CP012196.1_1629	75.230	0.0	4	870	868
WP_044780241.1	NC_002163.1_977	99.536	0.0	1	862	862
WP_005872928.1	NC_009714.1_1630	63.504	1.25e-56	13	149	137
WP_044780241.1	Campyloabacter_freddy_1214	77.461	0.0	14	854	843
WP_044780241.1	Campylobacter_noahi_763	76.693	0.0	3	870	871
WP_044794075.1	Campylobacter_stinkeris_238	45.455	6.91e-64	33	274	253
WP_044794075.1	NC_009714.1_727	42.652	3.21e-76	7	273	279
WP_044794075.1	NZ_CP012196.1_1479	34.058	6.94e-59	17	281	276
WP_044794075.1	NC_002163.1_1600	98.582	0.0	1	282	282
WP_044794075.1	Campyloabacter_freddy_1020	35.842	7.41e-62	9	275	279
WP_044794075.1	Campylobacter_noahi_822	45.382	5.02e-64	37	274	249
WP_005872928.1	NZ_CP012196.1_2129	100.000	6.87e-111	1	153	153
WP_005872928.1	NC_002163.1_341	48.408	4.94e-45	1	154	157
WP_005872928.1	Campyloabacter_freddy_1436	67.785	1.55e-73	1	149	149
WP_005872928.1	Campylobacter_noahi_1107	67.763	7.49e-74	1	152	152
CAL35216.1	Campylobacter_stinkeris_425	55.458	0.0	1	567	568
CAL35216.1	NC_009714.1_1014	55.379	0.0	1	564	567
